Airport,ESSA,ESPA,ESMS,ESGG,ESNZ,ESNX,ESNG,ESOH,ESQO,ESKV
ESSA,0,316,830,1118,346,68,174,260,596,296
ESPA,316,0,176,230,84,22,54,52,106,60
ESMS,830,176,0,740,188,38,98,140,288,168
ESGG,1118,230,740,0,254,50,128,200,400,242
ESNZ,346,84,188,254,0,18,46,60,118,68
ESNX,68,22,38,50,18,0,12,12,22,14
ESNG,174,54,98,128,46,12,0,28,58,34
ESOH,260,52,140,200,60,12,28,0,96,64
ESQO,596,106,288,400,118,22,58,96,0,108
ESKV,296,60,168,242,68,14,34,64,108,0
